565585488757562498192143437348537579341600227378831943384848790508220392980527744941459981289021474108726518010765775323809
435766100531487195347291796504506114513248008691819691881451301601185415626983796743795739566553632303193011877294823621711
480887273944339373409777744095968461917120820457514059702226820476524706895512442871130178236088474493181672023164239335555
250291915857902233906741601803975952931005820934287499414128628653719397905447219714262616935411678026905781032486842157888
340405701165296779180004631302396753504124052486455671432438704609009659584476782883887980673687482694368020293869419430435
381000799336825452562461660131584040285741005686241493928650052700714059593443772697515837244940510821641009372602556760679
375311363160433970561726128188334016128496251028628616289982106339088709372922483672744363371328309419807757257705825866316
894054374549936543009392148684184971676340385741226806125907723451135281666621113830442184395231461737699623856732701010842
560864661696682333292157110963220790236963210467988486142554662007925381565904146624172096969615794601014916651437956129197
792500246128320065075358783525512021599122086460477446598333451881888865699221311336223005426997684141523575122792882018932
180935234827170226476738200104205135513198842720709277208883454198703832493891892961013145835698387393329073030232695198856
610574104153525413235505059199313404497918450231160629194291843052221328594151604539645567337397873837228623807963322341141
168851598078155772352373661296639937537362075445614635869285231511493813052793727776284228976890556600325301015156029149226
897290263395419655926406149309874402459246555140732066162142162868753972644593313405896309298641910390116030601982528022427
677086488095873788648281353346162133760981002782568335959623165768574865226733683801085830114572055006446042352702184292726
323733970459941512928002350900838503863963157314791673387184577758724729465676143661989251063249736410993011150515843749830
180427046602806062694395573032815249584068370860043719083250034044413811629549126357807492998591369379932399005236198457952
797614971772485570102602288325265484949937907075655718101037596807247558035869852179583400748186668244833327944228382540423
993397838234424543896702697410381647956194533699711962364882899042961764247215999795592998111187478587712496952116918989271
730655693971037184931970024752482372625012570277465417461184902525449491549075349321491143698458409873232923464861833843374
095665227751724247221361943675255732465834670886269290667529182373242704836076623333798077952794077230874756687603420361661
941564502253348575218395192326782553497212878740304058076355607797542587236207425735786608336543378265527546940197333266716
225545913144432689274372302192230396465468957774383553169712022349824793113235429600039251802832182460608710744451045116437
942482795073277111191687167236838980546638361762516454058303077048968162904156873874873994789302709703339561471992381300696
923785367014591335304008699504353814993128753272301293924744199667660734071655001256764668181798484739319642308310963728376
430136204602660195784890284948937867255184107574829433534256798577862822836387559565333909366425660432777367309144665044192
038360187115476311952009315589686766543447885518567350670289808504867346098380957954049215542027811425128445963418294231074
541205441896144291381195430753043071669952185087812783713146405212210091032316008103876085909415595102858319509492791106969
881465652204750301306486173779963279541650027066022281347999020292697215306048743651945532348664462674297226902773960636055
928678112254305564916216672672200389852866433757384144050052556764997039339195547440277517833609145733770572147018955486938
531275930705912339282295412895007800405700066148528740503344345499630859589571410107373383921288204484636168803283068066073
661579339724196843074718644278148946822997973745852943403235242650261163893700701386871821243825732323400666003328271651532
157260388221126006882645822948496549955275308256253244549743842494933779332834010271303225192230859401634975181304084041956
844037283597705121670093563759064478049498536591385524616929808593173518214981546298504693261598276458182882016161707915810
414630241828517431758210126451016893048818537309403657007539136851986085642877647069756396517892528646727197535256620393919
948952173458289837849342425941132876184013778847147204945571743304700959872680043519943172388342189176093517314947343611379
011414629192437410343123483939995602720988050953900987436295053471453406509022099015321428004855708896545280237590536774362
118991532908774743793494226952915319544815297477019380163930030014491021082643369028901853695107411797933952777849609383599
353971555352011098898001245213778728766766123062745629096518584364646841547665809645798259777171287221619868479394448673326
740619612666622597417967608706173601635244372701147299755126364022426807545442357022300806751688582274750797203180063344733
068969400031060960637270990197440651541827865344070281523104263901700249901240898159324419814534632692435025523988215298953
726347055387243783210092314143442161926218602799678698017183943694816373938691205335671167724128560182192747599134869896543
638244372650704170259018775258559391805834514433007734236079937143646967934662459782106979564735701726775828182034158271167
987009014422079167096914473614054084926940378434443509515312060460533255219483611234662345071935145381349429351665022033804
862494581935825887303937165813613529943654981373950159979398612272566549903485952989219860592214949415336516831327707516271
498454768458285921250356235174742976386810009587494826629009505516525580398370500876742950676157522452507030834208753357041
257413053886988149318711326812244619180578631361608993879935768249075323568947451023596560595467822462829397757015957261037
923159512614970632443969168840325820648499408400949222946455292610704803651990938668436422810634640960948561210486625888925
323081982318850126777893612865485117583887342787649854430350921505582843482006761748261065655301709989909947789224609323493
412557271661356676005569576150749695167137891745692552550385208871378312381337192823265764057911550673041756001703516978880
068083056585243914650493212291006497635151093685201153197246642328378777163009924483398691764035560459811168503202307244907
960147622336631116334381196203877598052959460056617537029212002402856114863392462214907472665498802626963924724149906195726
965339064138947932489255094712138485751710152646736412863687896229721539687258727345314783446896436395493207277060961669251
114056318048834269192983476301747485381947929533372048730520960317038623013209495448905213189507340054511288551089690910825
095412412763051240723373364973244741138873271107922708655490795514683269770959276363843602970503709029435220638462812260610
972482741190209343540058049583709744147066173929415883304839573459807666710072480466689464589058177503336019924512928269974
299573112948684067879773268249781249680290112311311941723639022273070294605076729404109506250320215323632084203167691370864
127037088425974529239942227612584434545964104275391508661246176702892295069785247156491421340144865359405353367221954253330
223669902362220513961712936873530511015431423979677299705746191720856283511992239210111343250222356085703303439051617756800
525522705260518885748628816821112370591021157490153364204338890061615464408181392073238539981332595314630771477432045844205
381172630033087642884807980538284459918973446493404889543019083916837845326174087953759738063032321359488626883871306738460
132493201897031209909107959142154743163501459728574436996039052921979223399743243257528326712187324676525717229238287639822
176843251459847362811719514449276550501287544019006552197439509475097330858578538305900873621666152163758592220136115855582
593690507715962693791691030080796449883158808053478062634694477043150849144062533908461998480850220953002706964669514571400
888017899199129186536983514154220661549995478973817156703092711641917548782105546224337547174527256648336828250330505426086
239722109002189737848838291078273043437707260671123161347200259287431671412832256604002212209152580912387813802824770026186
886755982038789554009550733931831889126436768494288321836852071535009229109187386865532412091076145205628066106967614988444
495897967378321691660131593071246987610431313164788691965665772557101131149953891136867218603772496805329355484860332430369
722161494135805109544907784372730842575726282979911694513605463461350045835862293840393828534050080526422594709865967317653
150774690226977285501285281042288975901206326921563735822268099271898408074284486561838022325564453789841389388823045373140
860739497210278075527809655134116419005443587178143933781914686443235283612742668971174593354694777095855082490676234837773
368085658242168839065729730370247297808735909542240107151221266178719335501994615717223725633759116698551547770487300147658
269856135754488601864138735608942625443697557498945784793804361857847904904153495862532669630582130349934716301180071430329
518008110946348157011399844072645816074116691375622615058484175013192806189525083888921196972679677618160754907144000907422
957475589825963533912923232606485437254448118758390369103775177824367410756027357512208236586164413499276889023136818113904
438052873904945731297367642284065412410530681081265362019276575374294681612087257929212214244965025049824363747257864053051
098225810724493774444649919626460749701408170029113531622770881794814579295856720907715030332160154483403050947238432095876
324172024811394398774693861433341775958280488106007783771769033073748034062952482976587167236332027096561036299589800235514
737350819259156571353655764423188412914024165644525230244221373693250611554675822282637904085278654530455650032689703399652
168054384180213809869375525458612432551805008732649949203975804709998391486359181576244534667575903761857603401672685317645
908607668259018589832905659270616857292194925049799946290562771278122438579932406638789973646487443972989123482080880377673
197673211422248007168105638307500529343903509426441668268286096212708158727572901702784064721806975455076225987217950745340
782999282546568287740640210215658700821505857067211329343345275998234072508732578488899752131313504917707163212837245000380
007157946999647620467642647362079828188964151219688293564285393525856626168106459795462040287639835857785418498159065500524
899139014674922253618739245350473675764839991894199095617922903414036407479885396643857242929971731097076907093168199211989
837589706607708585389833164896576905268271373391632041793401754932162648134811611052751323356393643976603746338986774795039
861242441707658633042223688457327475113690059031709608789937314331352168724332566581489249369336721767354238792953983407849
112959235882309105124754821378769893128351774416071476974995813857377398027109141440564662391662703333759264319995970907181
258678955317622730154705903841592975321237961559119266766204300326297052977103979990957669416460553474623115843957440715266
324647334036578673503742383489337941987168746374258219172600914398602581937115933883094258685014095553483492077105539036852
768299315956972555322874549055444797741455989059059229219131056546541041098485817610809052915908244049077020523191718786034
092279384565344820891108763973485928891449792811856751834588259615137255560017627648884171749649264242858683458064036034715
975614495847778646484014382029741818180250675256906305173762510890745323724802662652306824646017278022940023263528730118121
269434545883616870770569162841796319996355991402904354444301480953005808790839571232808020201920320449765492850032677601715
665297213724027363435805427396697224846762484511268578858329705863450940231538309973057443769501763558270776603554636027897
620130937082585882280223074306335361443105261377765836150089118029706071279983054236273013437045690601932338908043502823174
616630296170123760874038541206837846780874482364820263127969481746719902425337451744890058597661205031806923763666503496032
651017612822348679691357607894185536248273697300192381784263110467030136224963357242655510800121028901336731447940675721716
677798469422810381165980297909835036290751222238295570008128879591470847886948143868481906520104839213192864258761928768184
421390817617756504894666881345278189369672611228903934089814116347536020932959060310596914491270416432404368448231818084872
198025788916980706432502048844195728565055037144503077894402134456342316694766251054649239393932708207686374171276553869335
393835705270646203552442110707809963916853316652321533399345660923557287924111657191962749389066071880532693644262699189170
182054568183049509196256178770551709095333245495608396917258266539295168124636727253431065814573128026293545522478265869817
046230560309824888514737326286372856889070414014693908114099158885491962737560530783970153229981634522579874069782982590575
119872080642027163781688135258939965266428709781558046103272702659736767370070353126400656674712280419822665942940729534179
951223831329801606642756878794617690545092180093268116158299062010047071646356057164676670912398555064481391357554778070602
178175666056678235304380772046614724412951155641956970543031335609062529600548819516378811668740688009580750714516622584887
512867774470984786106227917622340704178979472984684928783925210964332050518192350054863239460097888939970803666896979059939
412264698737029290817971772097041682662957297426578511117702830274578179741122343089018974564827562491563530556462882173551
130835423667419430222870944453511522344619499216005530281665462366583042463531330973929292690131942967996041754076174704898
425891379208362425815766605568714883060192313278876913249369733794763896404231249544507426695583850188472366639092016118454
662558307518080274654473858898450877945106686545662424539454265428153550849612643738226014452042897720553238558086647364445
627606151787402728365125716888187387536549985333763733893049337052762090648434201999350287469093175896527018947524918134430
925221332950119760446438213156241316708287875234684702473117271939560395296080481774068930649764195751912925733909774074597
374704481829937045429744697351063550915271777433122630318095815103618875180428911234967451346733962778302223274423985768955
963506007250637275110814936030527847120785215115634389040244144365380935568176725521956036866571425679031813846700387485718
643284522466339115026917269659984497021784221755261695335247576653066705700514732942440567667423472220080268580778784375621
455833241712968550788742397245424230801278677800607065883901364509445990917492638602086348589537368247198528697507930072216
262098390912786945091174076501585235276814777600094932785667655913332762887234199474003420133329767001389189735323513378652
295625206381784099320635726444498764247674346204395495783746780079194084425023243910748244461992887195029682958703072171218
797834238247366938475189373874233496649067296856984522869331616433342207563889715728628932741442833940274922011379178541630
069429660307732060303821827327990409302721293995626044041394080836247148301955357328971780872926913706827319309138402195161
935391877046949490851258524090312257128610928929451792875585159753144324446558635175416325937127653644931300144293242696287
944372840277282031313224721986803904871543670506015953477786039291041348237234705268829722239920130377189914292382888454414
775449443287304987075425219927887511947242156195519896664926260976960805389296582653258726967564716609582001728756710732751
667186458606142221697306052080780494228280781865146643806108098574399076751882545068524230019047676835858687223318183657146
460437279255561717216376940754954654455596149037360868892576948828030464771213231976608872868568280061784418972813640249222
116582950226190623362808471780855234789960066546037501339009040147545403731934041486341161751715363226600326091364361276063
359904179682958635212719809103819451645211223650158666556936281923074886192670009826029243519530035322637366354997890536486
837579847569035188930431860586533640361640066753108054563622724442799484708833997186933006728667111966643521105422638764578
793543972693639839848976704381567692278278145603251677991180995161272442356959296000824574919445675200047249906202478775126
965381772726597866141843132365812896872070215681258760181072593831875644581680136064237083762160685198736728039407330758165
142962596694079476259814832766233522135869863865291262260597243215775882572001822967898368096500657881665615603908826872590
342090716935763570797806118940743314979189974317040153083379048413081915651488590524688383772831853261986566274033420341463
179442415181805202134253426007106208887832009737228169115843827896278365404395067697030368227787508408385329091603737920208
170905337015035652774333826880037335103548289301039481779883607991827308712797018404153256962974964422868375056154801880364
156178951575871484915548106235476461461476154376055268021647257142904730134850954326959809083559570500816951564108343262537
153144303886023532065825750359464926685989469267333835178416222283888614802810486124161934430121610609957240544958355873599
458065853909517833799049589087177891904805798682678646764362257761547296438902735541404094932005776962927687928815131832821
045310156488316284758187390235533031774422838895329301139569699549331361803225766947806351549624590832024754374979351226131
905815678439672228789342987087274877857518267173021225635484305068168581850469810763513023539293902636481026426816593966742
279871143818871550524856713873613315832789747663556772033276994735026696913904832133036800612300195070392403620383792195995
763820383658918507080622931651967518429761904929247453614601421469626088342633561181917308486118175884725118512231075582346
927351893588796149837247199945882798059414004445518700733277555038072763730838174258427183187804927853225903746272102851963
899519393870682163272746549471508069218175825453403741350265418619260063410029260287861216543004694091743673749613425751481
161501556614570127598112720414994839039546771374990213658422127179657511753803154992523769363121237470092923706862464862899
832865967866351966524336882800914275658724010402300572264463179094295965919992805203596510288463181406766290230401856656970
268141140642316430468219220904413090862601028321031408989544745771087258316235035272717493993271986430030521868474995347977
051325155617022340226238983372653182317570419590282022753920781453830467863100267604441555166133221595288264185589503931003
490086154171165165054379250053120484525581195882339467557025004770399290786302661153885325031292594791437876064926252553178
894273346934416301809418408683151764539414014603103302655716758484742778594043105800397682486210082608337943620454941211015
012133745561657101723410409645166333007534160005045645385900801149330986096122838371251856914490617536667169276577530755321
106706248100114118928773134016057144984279846548016005870246029043383814653050911130096521146938765270726806857448047475031
098241183487618513404082596770310166368894713725723526090773028076309052694773555388420874343562181516445171877536263972465
605096354413316058936776961608329486236835251114653448717319619052559916732281812624701750732886586630690998445102927236070
518266712605190045358025071139759036100218253383223258645996154583835629897537555737150474210784201357655698232073089954099
263140524405277322246975553229799916673658037099160308986528598174978294145892573614807275697005386943112708617221956699515
397969665196236002667727804234673962895394898701363667195840565087904326083083748126798117206159648128727754877260557018081
275934202385273134044516314563485339058213650131157747422063029721158434000176351514698374807818437628700163783727964868278
769228965526915392280677027070008565524459602813165445084100957011463662410973710705947263189270338224644705746161413757079
676532380519367393150454050585876226381379013907321416017866029783521154746884567461767702820409054424700246482509075440961
840817801539735372382262940720567377380326573677093698628299102131869661135251161429935035026144984086914667978869159578886
871953578800053194924708207555681617286354035432053099988834679294520032767539501851727986426744713225257680494812262842451
566564024361545351932883590182167837569794975408951794250687131591660367778602055050922887462994670341985584651877974825559
483932157461638553045826392338500661961553848448815487942918727906499008796224923476474199653155836858769822551020374739837
046975239489943771590768441939985497741834042732226374156355626032839937289603834707761898602594837834225363339658993140345
759993070913167080348575911076289767018347114646343037924242154118775970644456360220745724181189195829046606147011252238728
427961431645173364353736171674891443325634058154886650475048268228285014368211074302068366795359305853201829812589828258775
792944800810828589345551373402906862146084065236236989324973061813405396853612115729085642682661725518536458306911056841437
474848474725746048134431055279631451967898028595931535746115580312501133261718000077617434764958637106784488206158489885322
174625468346345297421714295685982069805358860497992450836746277679883829574075032217115997390497753239272855242103374631295
921651474557895453025932512276877265062021325317604545152717283867462677147496565985296196255733133687903246378725575580154
921279994593000229516879845434059818661716430512407111713569383431725196676814530545166421587616268503639061547770398742949
449218872470567565220096717638110014109800125725431711537190511110289227446193508698588464783499151365814244733446800353674
369408448384503191434656481992050897495833159359047161768128777297963249934717286808811093997400933316628084584177837187396
913468148342000728158703044467988118599754584370876724781735530080645923168982669920726331655753852405645974288840500736549
415792836276166948171582110342523091681761984277627885001897401292151325692924322952216846829656147630320954371238024890330
004656272531735155348789349973542905724377522380836577590507146083355306094309797584082572191791240435116861863529353891026
012680747654121854126609114395028928324136132709013355443006385553682422438182228702589622062717688690488855286941498909438
344936893806857781187004739474969531224497583213939496411866163639173227038241019943357051173828664904271116172878171565357
944839635084293194992869733119657119939045869507747554416650472881390833133407606414819236304819729311159515432776893394903
018981866311255483860574806748715270695876285996201404284390005799470922505422807796301855357089458695607717945451121180133
590865854894990843203393798667106518685457796898120850963752757404358508074397600128252196242007259224811740462674233013179
034758373847713036371923642749929528942808316824821860394833438483385220327887255072650135892721982209079388205489672952204
749472640911244328264660760307390531366445059550906746273799879982063964341761458704992872113775189116663887971108652729775
264717929364800628144379769760846985811310792008931227007554247827026281149565958479128270752725235431652082646113556322282
506731168316703362493069783696910611287047802438383326756365149781968944144931163602614537060677391539064576741147788463528
771238701059863289467286990202309622925446517199987977613437141305934264483017722310093907273388379913745283059022121072536
415644388013144780611440088958009247523657855485018652584890919567155479088251328595849407885377503132183251405088686657805
825032516271390965554164146654999040341928142794963423934771274853674351187456173019187539300509324126733090819688952964309
311296907337862293848166953316409854531654776630040317282848440678956954581574777405790301224340268464406056230100403246002
713106070044768741797548508358468460251280736575380410248945096198021887831144379770459684314534944695267042508813161478993
816072161908430261896890552663605399470931498467236420580251366448544612826083021470228804365268005976219888395926111024120
524161656451588230649770148077018632916789527342287849362889555891057727438025453537284708458957866538776453052506941719414
635328181706895072157421038523401597639676502737753154394298137544630698155885493268738639333178894562288894611456887745813
987984230395382148450903455464893275107311938857487886281526469845868751535073696509530721232131957864550674785109656078453
792478449805474979923601570887633608803497584177230366265416156428707649934980448067467661526759121745669588601732795922450
818527364571225583576393670542457668709777673987742752823240184395973855925935694426701657797694577849699617340929690661251
049168878043751964096338217647069877687576147407887044493260589677254237621799051312747543440804069747752538917949493524569
884157398674332657690283444048801123472018421951559323999773040972405073060561871907884436519187945445282933895965103365247
858551157402587255385516944389818485592121657296438826167753713335631719151897371023456074090421420032805708982384092689825
324409082809500867212339336533307869221725847761451514525902209803940291586634081304730390205311794486394337721467381603544
185170493915153871134061616136912821552862827518930723467339382150528774715367181696654370930063649995345983668819615925742
218852855853297100637779042557691013336147856016248646712101424698033601494937487983858984513691268641387509305213218565635
440425429060430219645875462839537125396634181751194310314032458235630838879491406685496103636683647441649434856838542986558
316968117422492800238855257899196336478392981835199442998286432964937189255304626876206016976051840078048155794205163131314
361395418013188725792761913489213083257499990624825352349823088394722449826449561593618796123607163792207563007742005961295
584199832665505773717570555514866451895067240794248438523027705190542423781928202481794018817472026424027908483258719923281
161603206501170139688629801246247260868041768825942209053348637850061493880401495894453000322135215977660842432253813898156
892674702382296664729529182376703164219105793687969290020776835511059507511181650345775079826775162162945157009638684542520
270873363780067376531450843862131512911260850465936677687871975347140700395215793204747712606340344247063155240889550455739
211837018665392803537870948147883897359182035536056614503372365130155166065208426259009897808014118342461677076669528070630
980016011434611484538001676859455278957991114679222914310296970494194317841498851374541858658001739549511206945144246470787
386902916815692877276488970172292035909615520802653812850084693122085495589713579341811494208501961400538724239794139493018
366614241436302968696593875687595641319505232543061904609405172556625702183485199367766343073580964353082801210684820750409
549479113847914237858489851464750839334818142518899837975253691020767771278521825026472322476117618841782082747252065363990
117972859000998539243450946823940619389695878886112724119478507921196806159032404480742430719097936993084714249732699152802
317521259348902601747340118174364828237831324165245987543969023998387191471795813072871727452295272412579752049065940524686
217606401694034450182276609781595736386844007254138388256166266176750634883385491565978967613530557574680012278903615154336
507676573885763343906805009139090353033347877431566615898781603039671110946864120394329577452736266511653960919363739239655
806029892071225300702829163321471917110592172404100750583436027221333129753355462822381122185300927357567849032406037800053
057163380913186623594683438910935477823240846123720352247764886251144059821311953760782925960364155805900896460142510818747
880471015169692954265770963822959092708691851226711529102170632900680309217001544981132175583069072944447145615922155561619
673133565595923100364975455607145207769177232137330736445806431240971931280444045203383311351921753941036380170580009076070
645540689861754926558421393720314988121751973040723163424677874933178058589053040669247271960300930571354828551165516397918
639996835827306240023219346176935132290496704377032053235491697316007885234515830540710824333778124011918598669108672828013
544746395306627142677672945458432412213404455431244386988177326319756672888298366816112330174198083275240059315364012974694
025023298521990744756751682003531843026772925003118476799208528752474332101402801264714767690386050077857007576655965231728
157874578774428329401852586017171880185115309351098596784385580114079103520992109904786942813812335844857733748440055397034
992378429560741577660264889474333437598033097977262661745978265631318315216449849201031205056973355643115983957667024618540
904053418696611854839245613785892573397494676437916702669096174914969452579877885354838376352249159412663557348494129301072
011155695990202118040659102632707405293062903115148712905068362020906985339726871983154471522961366308524781399774067329958
318675585434776161872975914066023685209883463195954047767050678252592052768266243118319081334992411512513636236634023383680
853945434085190137963479025557984205378374770084171939995296783860114345217905793340783186657766571716941774514036278577696
044455669616196203236580666344821984628759792577815215693544939564828440456175111018772249607380710158489729950702961320348
146877348106137499627646823271801440064939368933888351177052329558504937411459923268856188954870708926408853107365860112108
441793619871587540344103147130694681135783657317726920755731385901223074177359212213356766818508030776610130380464784185618
526099717149692458625317846274499644204328516835796890972294251198668564814124018785198784295794715071391880419604305218976
132719409387889488375676132421761530277797850860363472042287338977638794717011146099591773468034112453239094515446361295133
753180873463095643844956226859590582026665504901241309949936112007003640110818550050035440744249549616073470991329630186412
955348388525517132966763111239374249849287773817228750448280702918428377290647725181108663617951831151178183377822610584924
891282476457745221338216443754085635823832713310373965416149135568358862633247185287161501317050414492563568120441718518277
206743893635949491871236978376573503369103630615840400601244603430558203201070099598501237348265760303124534273554897417776
211605327375073546602275594201465742097470252836602796891596002259880187481444024994838305510721337830180723356997179668779
557841507304480059729874151659029335971313005667050601007548828937615688628393556842351562797859376040768582950722791781436
289499480730530212208388258003071082979263558625833379536124214402217706914006815424632995999466337782977609379425674109585
664235595341787384499983411357546756519270729948157498869132746711281597406519939750715191519625697215487338044362160944119
301211404754685779967879194870584407579298098003097471247821003290969992244680810847039260831416021980599929733261171630560
097614138243170232412813561697551045255993998340625118162975354601108426399042623927647478296828792875145475440791153982859
783299192740216061579036982387423613810561643011582632390276274020447305515307191170972618103027011835552574441057189810084
398837026626503051300278209359417892638265714752525558189156882987937126393472151990267704972225269909024547224883334581816
456256002691579801760947277052365364123755354325729572259995313798950290172011168608586005146246814585312688937819770091161
427732596423481771387423794658368274859322304597159567813185003974617553937600610025710069731029212263386556973196720711585
586689093613477967413447129564487425241949038990048996019686832798627223448159285595400848448501834449778687055122538685372
010261724910272985660105817890466088940835327032358685431596763899461301133913091338166046908475292653867683590870660052025
700774047874667107192304496329001912275790194500393576890227463971930546663612466024614871324792209116101879565312042467614
951410130313447968712678904644186588868513384763422773694311089347060710993603634018114798191376230672352794127242474764314
352675918602712742468526623463568054580473945939153943118658488287921568362828360799944114609047733868294795515370702040827
311741013618578469704026601530999229398722827631758974393580266167163554012773452662297730656460165516315447292621701166394
882450759583265200794462030709058840266221740343294503448788340199088550821002591515424575797808557553829631303618661553612
735892890349464595831437440354626699059437965879069655617036339270878357020468112467587365782464182562398756312554261609833
428801057029050766445575881714203303175182199668804976847033990507099089076843863170362312114202729017869825967718810168737
407426967459834936627160764258321708534297757810816325301560255844167706964534397875833529797580254266288911178338661931905
595740015216767229398801242673149396836801399275456698581530904908708395476438577605975420021348202110878103059125755307800
954839398154601080821522776979631167149068745756333951051080448336717637311207684635053586585831686926000165551669952180500
684025236174785626411133034102785709793588637646843155275222033531978930385785525057164612824484074258574886665678529437098
187074458418588587435853653925740721334860311960461665882175821069584384602642202510110213792984148744909448991509471310821
366970634873965861148866832599995276070396933020677238287407018474464913548007911426100554047672281654782579461156805538757
461582039327842618487555550569123701798186995848249117997315837661726160032359687823447570993652654735466540878510957499631
605501945483955732405039658920598309415664613874302138907674736059538941598969768673580884312341036949576888829474084881408
818732249962193002475203046187810995475429864364682825566170216217376449326150176001139238184550904697050648047431221790524
433369151615554100285058051174898496154355351242357383058840241630489428680684120260901313545156245399040567546283360304089
871032310248160380423574306627037319154909835792086394589872749630202082625471519663526439248950399170098263903158661827027
476307384586158962942967096652031079220746634828340118395178003197185859249831558351298283456809389428861402149549134655777
813628377870550297861517313033875084367009211741890892563944244555863076641030985573889162355556372040732579630231535171236
752334115992442284697923371543604956955776262146945009406036977245367757176953929150179699394929405611446150001454290839562
322906252129852970849651421509140558886105647968805464294834420764777901120000787605909079254674444613308150917415414899065
373546588886385422664587392669896964077241434404546596465757616169194382488120647976531368884415679071360167130437257523213
449851604537846170859878222289366751931648110432676436553981727296824951763767130954603457083583259109261374261645870362026
460585569266839471981011639573140611062251781928583897852999986840066564879076931022895137248971837614915692078097383485746
274985417084252585875230805647144514753827979070434054184734400209548832449277921423532178843425612802156754512506171991044
121694238834459438245708512924719952096698371918285326373944933542797113062054082401161469872758561739702815452953073259518
986222789520015416221021480481631598207982519380296027325037396492024022076621017355673779056621167252808911763580539510652
219820837490900425060167772589163431106982585974108971081148372894677029984948191462138211895529541294260315086895012638494
756070264025756177950648885636828841846569327886687789616747562049472197824154829018255470323759631976979892865284817760889
796604303174201188987584918163009353471925359308568474121826513120846718800375814555118295507790401321736780522698968158140
636718237015442528685891546052325037494924484467925559805513020081459313471237867795991412566208380110798933405384051970881
587543792161241894148970061357591431358120854070085125502452289383811552138046124053186306715299172134132317245974963695600
811422988673991504710926730904383888395883140387495860042338802266010613571029583967878414206923118158681134910560451027413
697132241054743006669012270467632159373443764703015804544181480887708092361227707383637962489114016689357149543138066507039
107109787161950861167329216195631697247325471837598906567868885054741636736443026053591000350989940396821413586653269593635
316458224866222879933323471767511771050504483696576683912937275461976668334657264903274089514821085089097635975744693352013
058556271966890787548885227944592218940073695460933349401635518958118056585096128775465808515083121542437743268192113539066
917290074009552428531272332545524270003253066831391404617280635544150761289811243379731614275466553505531365813394559270120
239940470201163102182470391606906997001211357428308637360591759835747573363664035226966215413062692932900124203099619870068
674412305607381847672733703854114437789096379352945983424024864447357888108803254101397172663462079417683526492521639694212
536049202280790914077361481318208208969375697565922882222625837253264143355591299387103431763617023784466484622139524092464
998598923460793539777142224965989659602060054162528311483272750127402240580558153704476952168055842370313959675617656204132
728760495430891356329091629031792000946076628100657443008087311428783317498765700748763837433695707807614649103648826147586
584784924692447663990644304382211192853736935081648190306074793143402285296237243774896799718723058320078734034219362870971
663784293603049204894117038992033287961084637297212058744791754121462883944131167337915724714287365399450880121486668527375
786610997383782588364372293202388376408199539638697063060725572191568383074477721243213069151494926545134496383699916212818
267608973990624318070185849230281212426767568210772525485349634078730821490711769197707628337027237642264862222537346000770
346639090569362519105585538393046075330922800955367497940036714517963163325614133090896940023781244514054602491672288058520
113409570808375126933101992424461006224528852067864880754647987228500265437261643369742992276758849565465839554878152986882
008960418485390193157173330021718665810543551210994966474576005229838904374030924571638885839772004173720688563341203763827
724619482019061939380956966637047965761063651323796205607505716415529386270979337013637384281510120391408446593603321233209
671202701685570840014087975405727061630995484322974724612102842471548294852933151674152884703495669348353403640166160198717
828819110118699992457171729902353332963699097422078474520890487666865906565863749518540565640210164534496157411124533284791
605558833902877066424182323933168979074010243081347690224187390712294242658348462886766802119061475871129140401867505596943
801418463579239195471046769691426491340513602164251805771917128465752385295787331753645107889358765268419219719667321972548
922623531426520795897419335673527695645787375976551883735661473475076969727276071955196928389123140710320013467923514516350
970199079536769116301445345701406738303544948872474677332977168099076795459324024836716151406642998583534496897214273462876
047125997717133115730591830031580505234708788606025416668225511623774089821342653337563615316924672151904170589668635939131
158272282552058771811512583368163297389547102355787184462356716687955343892650230016713066234607312500076648308102045299992
056455054294822763851925862094306401592936009254305204289960386699788925708297697085364417143717905638297825352033358345180
272288008817635959426192372791502533516689729806152440401228205333673589959889446492540859494529206353536927434910592810434
944435625830148836824548597391280034809429379445477879528285673010213449316349662378987000298145632095975113438749214860212
979985350094123510944202654539616225555428003479522337649086246299762846142817215324295052885556827756129007422244305932472
760480848527949599718084006170407848575670047233057757775169733872954117202110512319165177740022426302457398577826802045691
199188818167802550511219619884501965318285326874858674537239880326173446587026033826469110083567191285934979643024797157324
112299361906454348646407337646444372890310200257943210960431151341143108425769118209111949362906832339772514959623993647861
401523455497128763765298245603640245260797418132545748540718941668696101934267789581384982797733467779718224318035801761770
935192274711564071464588311875848791310522293730914203110645261898784719397848108228437756414738302117019432137290445651167
068910096970252879644237397922548192423874401253991807221509567176261518597028537842627231359936944656607086610137503493509
935543270992000733449756370201539913039646573127522338036967609090079194876752975154872217333505193154061191851081124771504
802516389696930075752680536167377161046702348265940696531834964938841442762005811767676429628035636250339464456901028860056
638315196995648579380415954894646235225597261559986785910046809659480965486367459251046923661162675993973548019713686873160
836896455090415936470362228999886007716861205457915838576044916326600452862017690113995785037342240201627964804723294148133
220466158211410487489099720696460292752027635772999145925474274931055008396829144338777441402470439093987468971448061008917
428276630386806620334914467243073067066431918161462525973125387728518546041009947911685166809186835502191309527780287130687
924674764687161269553555734659412902132381595462797581122969064956643555674757735011838333711578876526618515033739593832025
910746981086143845193334500138365164288770205731170248662824020412558899164385544462661006349847343650762234934949779017488
833025020929357991403080337753161810162301905319930697993767375917269175505543683017354511871563835812032269469637168063472
756102246201682840893816840925135752295656176353689474489092166203187788889794331928298046324279447222302404518884167827401
427187531929960739959849846455156794755472191407193315971367298757794775984034642264941453333082091853685555441445866246769
818621942222318968091544158051023330665223142536617070355259641045272935696472649600078738052551644990454789177324954796692
075557179837548977302799649822064255047734975160652988703226932151590088885280270508500189449082964399122285346990057540796
869760472810744181554393675510353124483062725660561689482117962113010859380326812172587322161078984756271295130869871778922
384418597644099355135182868239419196206965451151022640433101807870008362654467626622548902823807546432703907153138466549064
709040814075416048440167638217834544167533639661976309117062639531430135495051968364196762455654280075544581539786877478688
775378454264011627184293730972688457636948497117504229988484359780392384286304750862210394618003029413052609684893876724662
886254654651877703054657818474912309080373297853935434324743973853273399314760624579147422964833495123505212656256124153572
267321126684636392819539882576183706455505709113520356629115912377176316403441977044482608056634271411398444731932805681145
533008554038874529619381234841734950084221917092585139457712551256654392571730167712949126546472557049711545778223650880332
571183771300332542112042313256344089423734842691955181595667922843321154400202616337623282739625603703126597431183629364031
796816762097818011187729978509893280216842789565210807224966337368279768786440871392956806566784425960300577338999655933687
138774763225465084710154853359150826697172713744227668849840438284261900384343485830063328455481712807929309300167006469590
093047428994778548420447562613746366791583054306653124823691829811743062327232471148610405854207322738475339597619526187796
547652850217772107513722557820317466954376820632948502871630204007438333283731903241138304858796381892582249224654531512243
698133367990214433047582984956618665910946856636048442017689752832512017620767406960845798543080972928373350021985308681168
684431185400481962911550354794755572567609329588167045878283480502685401097205627013652247460317769646155028641754626361174
397560407996733073336865929389590398988266621539089332781695434895395581505282987535405865873691125266739017202395076828008
294551048613571056215465337639378640514528920666605593218675803799686434088086629991725854096326750514203795822914096756925
195828099535479328878401051081954797730770274114112310935406987932246960330337757318422403180333314555360030656449456720995
301027200700296568161775636892558772192772344909209782372339724689294450626769647348217356225213077525904830997912699883807
137447938586723070101359423247153440596001048677099334259541416271070485323349336722442485465875802437014248214376478339388
336852032560612296677443103989463264723456496949354492094222008555030229842114161289472794118195869212118081273584036704242
081097681000520166473563381741934124999679192168942046589692306315902422094144372102601632688447971412241261266534284695915
367855941147282441196068874161155159600500834745095787355569199184295729236282712078344924576278062240775351231198552308321
306743605257845181818946769617290476947314124558865637531004266214089539933132405165736055644184679724418817887547148990464
675941303752282075023572748825560923664383642264072525949307177671611481558614119217745953880338072691488282060940356505391
567374028210619085430213347039108572375677308186127351706708584583287416883567870522735573950441271918086893233296509305339
157395760369139952148099966044997194806304527540979778444456999771906504381508766878493451065950856898652401386524031060378
507621310077079648333480018572573006359116768401517891125574396325290563096501712888478204995033545833890076550976911158818
220626183603848757233386356428905349403382302457843488027612784896466963450307732407077881692110162528273399809285012665008
080863450269185605507060707661995974456554072813098140246220101840865412474650313251087315124432876662408459207983452242947
092912560845794196956968068968969704944521212884402612677303503431677334143595509631581538444591858324286188422507904106907
270846440695432875984144372995207060124970547310324987856462646479912667014377949285977533921813698701477975912178750347504
546604908918358390291346978689066800872679539736458033976374791236802951357961828101820803238652462253485423485885213011464
233303368644493710464871798364086436743120144636977281185029449031685958593062185199332943013351314458459177834053856217309
038532826262996353018517073443162301090661607522729431800248595753933362794579908176540978669423858536748278235383729705031
716351321353349027508625500635162031772125530217437620091410918511143047609829879146835648553596327906219593655923225648387
376309897866114827025908143761640690695949514058066432572751957476947380559034454615587777183720206920711737321082412762128
234227228937419024169483516580631669458316478810339127898215909626482037774631717480967574657844844756303255959012509665422
848636089271717190975872132578797859111788364034358487779247583561467709636265345193625497181034421498737551358566430363335
106049893140700263854904236430742325187243632637395090757462934862755363756884047510269636301275717637927023258751280937711
295933756867018070336888881911410479986355978423037091166140002218852843514548624094599757271937592932013822166032077686077
570196808408692091815593443151053881077382488811516255247756214025468567071857197431927013491162798492212657788752851130084
423597470805936255938301783842673634774759553938630394991157426539495669175346817666487730757590766927989716243656371372714
938433102074418078305732887609988664107870685246130474726852837822213052291368192813033990294821974911380222263224714630141
057536032366233634342503686568801537588517062614820588753629624585908860267645115452725752665324560629415900001222704031366
745882237183445156786565187930674666936926877138184054172986839201056437599425791450434332413220246403794699368858222468790
519375722367402347722124458924895366012626854279422128506848897541147795628924440171721506497247420877519910214242850228046
499749604059907337173517871358758527395493146834277471758626700662155237174061299475901994799017502793729821974837845627544
053103140825788120987979942200527576370772116452741763715164545219799553634115271253744103049797422828194976651311817842769
306717110443709094074390374516817739519793274233109652428509715996140231100268068617326572745179842652447731836958959951007
332599160537618103525871612889396329679487367852931066477758835219516915259551558972220252495690480785918510201807953355435
295324413381611278984309834573135001363084153229718264673441337002747688669305540927925047075562748968516101228464686074655
466687986505351425113878047595656252752546490879014463686951740709595415142518503410501326907347775256035500443452826891633
268347467480793243116693683054440967708089883116608641252719625027194900056881761490681454187652945347170551137577870540926
912423806478648999027225309693469489827291872611946067278273058265198018246179966593449750692712898110922968404754643068240
104140045512691757772723159454345709330395082758062675770296829396086826288467751249644452536680022846375517206473495543219
101200815624863222401032436999474285401325982362890128566953421716809429592812766589239320989340519895721363037509513517315
146371215112436565665524954312847357438369847072730575846976276094383634215633618205614252135504479442759006506016092340608
608266521031714000772385827236799097582724772682095923138792041902182375852691405014479006646764021726148205720457626131910
824647225471998573815186128332270872859099301155257700581282048549589688820075660054170549670005800203634715729072586692553
685731085908366507327429046311781080430547580695338030397689046919001303122663651769614580431351542729652576627887693320213
706409633233212736881378870202408443479841179867111941419433560301659079393069846305036364520387780021605056690946399360604
297273896971155456615278004328251860565593754704507245163219331990616362309374733737289391524893007369560506473692424023905
496282457696327821997964842290583598448898976771968894154473896343656319994506288951821918993771193487660323364151009867280
546820925886344123163051903622572373616238933829424549339500351794336821160991137266975357318390801289874839280863135455436
199230219183106152536625844002159433128756265295544225550758282693016713560726415918016539741701591063294218407978890992653
364412976392029441351734548949707094133460651044760544876113360105722978126758594790020625187753719922165025121254547098325
093263712664380719499184165341718243311151514286835626199637386163946193690831192704499488945654654122318548929101395657935
379229109755324051937622126531335213413819683988386847957106398895825205500744187682708289719226413648524240335513503266833
352110225232855332156327536860163087928836491508818936277844311181111501876456605623242637505383077933120959763310414380537
735523905933671007868800724013327444265227262410565418594031810792717749340621763720388615401206669589740615462888799312833
119779934061388948223087678054625166800667705384981803633750909139677233080021594809204054349217441369855286875524020856494
746937557843950447147252657025603050559010100012406779069828159535744075993398313874261598849523977387788103362719839411571
067298783927778077530850680700671963515812988613424263768557348805831381680972050092052183114773469627132921609190453790321
128365602616901130118784460597082943616110184663462903278940303136654492980529271198426636971675497810727184885244235804453
365496948413957754139343460000936247254284710137660730731082758322975110454161656288334012847799565106323363907301710545603
729388021042480090810080212530361579168042300060608229714782619795130961047564186992273813519841442494322576238273914164900
429420763363760787892252227077370516764643055157905193140871955771828593383059732189877583206063478693138742216722872208796
907518842722086336891481022320107368557054120927092449008453413682899415850196888349559795090153939012633403831862349972084
218567541471269106379844162211623827134798270717755575792150514200826615198083598738836036502984993353965215453800054220019
953344560668454286080144271073084950478859641385770052510681909075553636206312670951355027776994527011676518030788494183226
641467184650086562598896037291423696404758577498940233722516119176602857924644482261365674090591398515176363886262505452724
101220505157629156392080978110525286768402780249064953819265288282201439956320992858791204560844673183667204184799194771896
874167136783344545547070724587148262566211280041252108756416512901757213294214719474572027087067975358409857820935528917161
042588993205486757687001843374328715903759020505477291124186464759402363327026156751445276855470897695169830325693486950809
634264256373090366747703641331938186745272299020190993299527590607696009238201209160278352231464776449298395120380386796815
187139219288929057718490290926648431850917772187886701651927609374900598950132414226826563143313227870525245652310220552481
219658606525365012596353227986435563277605776762118508941922929399932391599909908940782197179001562833580420707658893542382
380805590125043668924680476145545710850160881763837274252630125284197918514661700507812075273371254827818949480686467853441
530808545161745282874206147678252725708883192935395513239056583493937981720969732796978248513784883841725843736427813528662
237387129065895778076787283276839659922149938223462313285388376144164458267139957238501781290791272945260337132913572478548
399280529626142452347810455855974585760490967667681445541274716391440497866174848705265189029409028364950558312948177419838
011573381532533875313771166813802050400364798237077875544872754838064120148945749897886149146628482587578114990225908536608
694898243068129359853094343356127819134748070074653800748707227263881616520587905489301979274610103088423243383495566103849
394974953088690786216588913755770294640259880312409531357628683376875552462492930909980097791213937913511730955915316352503
855565357655507892638844238018048673455816022908800544462616917040603714151541622392350784604354645119532929571779962796200
455412462170955680521380706265695056041682849968974506289507167102754981034246938419425900072376494106187157805580978077694
839513595745987272456236196089104479182728515483612138596362951850776101029229678212151748891686907498469751106848338158888
400975022606368133978193739681743072283562119090502508397776700630059621639228420911666500053755280672354045171731651963516
120257092928005862915148733233002422135185630766197743010904589402473974432770972056822512301513303079644985017953843083179
336352708855075276138777392331083411502062984877876427933506888767002768802960997980563816064125774287607412631161741704808
498244441809291150352493994106722097827861532968871276294639508900531797445227365256081446087894481673414423374712111127132
616117973185691860403083176457123893733708501666149564115105465688611426081192395128761874573768979769443101009304321751008
969827363446919089090200220719626786878542676114919924246465170081358601787898001222454555084246075600759973102853719947288
866561992374834006359747946178326977377954518870617790390403391559032758205430356138006479016351437479299317877888996306051
355747963228743219761960661608859708711109581141327388777014157900100252106977702664316064552888004839293389324714353695566
065390681313673595637204883898599568421087703279633381473409953372891928905500125617155868159171624999758464204276909064371
316814232919357923511570215585911867918827702829613696112937739380328160198145881388045439270363699970090103008909198973815
520758148865026973793152469480374602334138944949393716165073315005889280997130373335856862191764179913710405727294838403479
943669860158157359365822338390733798257853927133758086378902966420776020856102628304185129994566017435460342680675750212497
282939215427005765279413269598641778638764968442939647671907272017426013191871154901027317790627987683796659294385605559430
949649752513319515150261535865743680235148227513569250159154119687039913566857836003260467838147719128437976400516181974033
133557836601075844793565990384219244810451223948794440857762399099732343179324838266761156884903867926086814497417679977621
261915047197103231932466405353500764768911184761632066339307188257720033800030454823400127105530957549486209872226047093058
808442706675325625507255184891053770917458928450468080553489062020790289503252876625978231463967064890748707391488045062036
481484725549107112157846581486895286627355255453067791442891461999353160564131960786632841056491779371766197962955621017092
841506456758287471110444279544995702059936242911398797457689594120320396690506666505134134688550066229494379954843188323611
108805396715806220760951786239371291504283756476248104192266619050203495929636269059609584454003699716366808134442059633007
965346180777777264789494150788407041589984189199005751165543899290386228530028085193878692774330737263386381524161560503775
